-9.99998e+006 -9.99998e+006
-9.99998e+006 -9.99998e+006
-7.99999e+007 -9.99998e+006
-7.99999e+007 -9.99998e+006
-7.99999e+007 -9.99998e+006
-7.99999e+007 -9.99998e+006
-7.99999e+007 -9.99998e+006
-7.99999e+007 -9.99998e+006
-7.99999e+007 -9.99998e+006
-7.99999e+007 -9.99998e+006
-7.99999e+007 -9.99998e+006
-7.99999e+007 -9.99998e+006
-7.99999e+007 -9.99998e+006
-7.99999e+007 -9.99998e+006
-7.99999e+007 -9.99998e+006
-7.99999e+007 -9.99998e+006
-7.99999e+007 -9.99998e+006
5.6e+006 5.6e+006
5.6e+006 5.6e+006
3.36001e+007 5.60002e+006
3.36002e+007 5.60003e+006
3.36002e+007 5.60003e+006
3.36002e+007 5.60003e+006
3.36002e+007 5.60003e+006
3.36001e+007 5.60002e+006
3.36002e+007 5.60003e+006
3.36002e+007 5.60003e+006
3.96005e+007 6.60008e+006
3.46002e+007 5.7667e+006
3.36002e+007 5.60003e+006
3.36001e+007 5.60002e+006
3.36002e+007 5.60003e+006
3.36001e+007 5.60002e+006
